{
  "ver": "1.0.2",
  "importer": "particle",
  "imported": true,
  "uuid": "92a506d2-2e1a-4e42-9a06-d5b3999ce9e2",
  "files": [
    ".json",
    ".plist"
  ],
  "subMetas": {},
  "userData": {
    "totalParticles": 200,
    "life": 0.20000000298023224,
    "lifeVar": 0.5,
    "emissionRate": 999.999985098839,
    "duration": -1,
    "srcBlendFactor": 2,
    "dstBlendFactor": 1,
    "startColor": {
      "_val": 2747950166,
      "r": 86,
      "g": 100,
      "b": 202,
      "a": 163
    },
    "startColorVar": {
      "_val": 0,
      "r": 0,
      "g": 0,
      "b": 0,
      "a": 0
    },
    "endColor": {
      "_val": 3601666841,
      "r": 25,
      "g": 19,
      "b": 173,
      "a": 214
    },
    "endColorVar": {
      "_val": 0,
      "r": 0,
      "g": 0,
      "b": 0,
      "a": 0
    },
    "startSize": 3.369999885559082,
    "startSizeVar": 50,
    "endSize": 30.31999969482422,
    "endSizeVar": 0,
    "positionType": 0,
    "sourcePos": {
      "x": 0,
      "y": 0
    },
    "posVar": {
      "x": 7,
      "y": 7
    },
    "angle": 360,
    "angleVar": 360,
    "startSpin": -47.369998931884766,
    "startSpinVar": 0,
    "endSpin": -47.369998931884766,
    "endSpinVar": -142.11000061035156,
    "emitterMode": 0,
    "gravity": {
      "x": 0.25,
      "y": 0.8600000143051147
    },
    "speed": 0,
    "speedVar": 190.7899932861328,
    "radialAccel": -671.0499877929688,
    "radialAccelVar": 65.79000091552734,
    "tangentialAccel": -92.11000061035156,
    "tangentialAccelVar": 65.79000091552734,
    "rotationIsDir": false,
    "startRadius": 0,
    "startRadiusVar": 0,
    "endRadius": 0,
    "endRadiusVar": 0,
    "rotatePerS": 0,
    "rotatePerSVar": 0,
    "spriteFrameUuid": "24c419ea-63a8-4ea1-a9d0-7fc469489bbc@f9941"
  }
}
